SUBJECT 10
  sensor        std     range
--------  ---------  --------
       0   10.5911    72.5664
       1    4.93181   27.6074
       2    6.29448   57.9161
       3   15.144    183.287
       4   16.9045   125.064
       5  nan        nan
       6   16.7046   123.566
       7   14.3568    98.9788
       8    8.98082  144.496
       9    9.14665   68.7722
      10    7.05657   51.266
      11   13.0977   228.765
      12    2.06088   16.2513
      13   27.9254   145.918
      14   15.256    110.705
      15    5.97407   58.81
      16    9.31388  123.914
      17   20.8664   225.415
      18   40.4704   309.845
      19   18.8481   129.78
      20   18.2328   140.646
      21    5.06232   42.6147

SUBJECT 25
  sensor        std     range
--------  ---------  --------
       0    8.73455   70.2137
       1    5.49819   35.7138
       2    5.49193   81.3746
       3   17.6767   156.491
       4   15.7911   108.632
       5  nan        nan
       6   23.3517   132.632
       7   18.2933   111.447
       8   13.5645   135.894
       9   18.4878    97.974
      10    7.16283   87.1721
      11   26.7248   209.941
      12    2.08342   18.2471
      13   27.8168   163.165
      14    7.61554   62.4095
      15   12.9763   113.165
      16   16.2393   117.613
      17   27.7383   229.132
      18   46.5372   348
      19   16.4978   127.26
      20   17.6809   154.039
      21   10.1747    85.0779

SUBJECT 4
  sensor        std     range
--------  ---------  --------
       0    8.92383   76.8328
       1    4.61224   32.8824
       2    5.98447   58.9939
       3   11.9592    95.2702
       4   10.712     93.1135
       5  nan        nan
       6   15.2144   114.48
       7    9.97061   89.5491
       8   13.3528    89.7868
       9    9.53808   66.9328
      10    4.47179   53.1586
      11   24.2944   203.127
      12    2.14862   16.2513
      13   22.5036   139.704
      14   15.0008   117.445
      15   11.7184   106.881
      16   14.7284   175.987
      17   17.8902   169.26
      18   25.9157   251.834
      19    9.07372   95.76
      20   19.5018   142.62
      21    8.82051   74.4189

SUBJECT 21
  sensor        std     range
--------  ---------  --------
       0    7.68153   64.9784
       1    3.36579   25.8762
       2    6.35131   48.3571
       3   16.2133   130.997
       4   12.6998    87.5019
       5  nan        nan
       6   16.4654   125.383
       7   13.7614   109.36
       8    8.78751  133.94
       9   13.6941    80.5133
      10    3.79033   45.9626
      11   18.9209   179.843
      12    2.26107   16.5365
      13   25.1315   145.036
      14    7.7711    63.2283
      15    7.62813  100.325
      16   11.7783   137.16
      17   24.6528   212.803
      18   37.3612   282
      19   16.5711   117.18
      20   18.5165   133.572
      21    7.78193   66.3676

SUBJECT 14
  sensor        std     range
--------  ---------  --------
       0   12.5496    82.434
       1    3.62129   22.445
       2    5.3576    51.0333
       3   20.4323   169.105
       4   18.8188   128.716
       5  nan        nan
       6   22.6543   129.018
       7   21.7599   116.223
       8   11.4129   129.654
       9   11.1496    64.0226
      10    8.5614    54.357
      11   12.8181   260.411
      12    2.20985   14.5407
      13   26.6446   185.56
      14   10.7878    87.5108
      15    3.75252   41.8798
      16   10.3561   199.745
      17   18.7905   189.28
      18   37.5807   278
      19   16.4567   122.22
      20   19.9947   131.14
      21    6.68324   56.5111

SUBJECT 11
  sensor        std     range
--------  ---------  --------
       0   10.5447    80.7051
       1    4.40805   31.7641
       2    8.60691   71.9734
       3   18.8422   170.295
       4   14.8686    94.0264
       5  nan        nan
       6   18.4834   137.195
       7   15.4796   120.034
       8   11.1197   109.295
       9    9.99035   74.6931
      10    6.2989    55.1832
      11   18.8165   145.222
      12    2.17145   17.1067
      13   23.2019   151.434
      14   13.7532   104.527
      15   10.0581    86.4329
      16   14.8644   178.2
      17   25.7335   183.82
      18   41.2252   347.62
      19   17.0368   132.3
      20   19.0364   151.685
      21   13.9012    90.4777

SUBJECT 1
  sensor        std     range
--------  ---------  --------
       0    7.92734   65.3816
       1    5.09051   28.6922
       2    6.60846   57.7384
       3   17.7241   159.396
       4   12.833    100.417
       5  nan        nan
       6   17.3577   143.436
       7   17.6254   115.271
       8   13.2636    90.9294
       9   12.6302    83.4234
      10    5.44943   47.7096
      11   21.8279   241.172
      12    2.671     17.962
      13   28.7242   173.83
      14   12.9171    82.9617
      15   21.3532   139.896
      16   19.6731   209.52
      17   29.4937   198.38
      18   53.0248   394
      19   15.9459   110.527
      20   23.8082   161.996
      21   10.0406    95.8672

SUBJECT 24
  sensor        std     range
--------  ---------  --------
       0   11.9125    98.9473
       1    3.33718   28.2849
       2    5.98571   81.5206
       3   19.7541   170.295
       4   18.1622   130.541
       5  nan        nan
       6   19.8266   138.103
       7   18.6274   126.702
       8   13.8264   120.978
       9   18.7746   127.075
      10    4.78801   48.974
      11   23.8067   197.313
      12    1.89947   18.522
      13   28.113    205.823
      14   10.0944    94.0309
      15    7.70492   70.3938
      16   16.3965   233.175
      17   26.5683   203.788
      18   47.2713   364
      19   18.6484   151.2
      20   16.3466   153.527
      21    8.45023   86.3506

SUBJECT 20
  sensor        std     range
--------  ---------  --------
       0   11.6034    96.0293
       1    3.42495   24.2886
       2    6.96504   66.9128
       3   15.8307   166.388
       4   15.1965   114.11
       5  nan        nan
       6   18.0522   129.926
       7   16.1355   108.602
       8    7.66899  143.448
       9   15.4306    97.004
      10    5.09526   44.5552
      11   16.2096   252.561
      12    2.34801   24.5196
      13   28.5606   161.032
      14    7.7645    54.3376
      15   10.3213   116.729
      16   14.1245   167.4
      17   22.3523   234.78
      18   42.5763   330
      19   15.8804   124.74
      20   20.3894   193.588
      21    6.02061   63.0414

SUBJECT 5
  sensor        std     range
--------  ---------  --------
       0    9.03041   73.9384
       1    6.57703   32.6946
       2    6.85983   60.7276
       3   21.742    163.15
       4   16.458    107.72
       5  nan        nan
       6   26.7273   149.915
       7   24.9569   128.608
       8   15.2896   115.724
       9   12.9159    69.8429
      10    8.9995    58.5886
      11   34.5989   260.453
      12    2.66072   15.1109
      13   29.753    159.966
      14   12.6981   104.731
      15   20.0263   126.531
      16   17.7697   221.389
      17   26.0614   194.74
      18   39.0221   290
      19   18.225    142.38
      20   24.027    136.282
      21    9.53628   76.6194

SUBJECT 15
  sensor        std     range
--------  ---------  --------
       0   12.1038    81.416
       1    6.37173   30.4596
       2    7.59971   65.731
       3   13.8221   161.841
       4   16.469    135.106
       5  nan        nan
       6   19.1725   131.743
       7   16.2868   123.844
       8    9.6565   129.347
       9    9.11349   63.0526
      10    8.40024   70.3845
      11   13.5508   280.974
      12    1.86603   13.6853
      13   24.2686   168.497
      14   15.2829   125.891
      15    6.81884   85.5332
      16   15.1647   159.761
      17   19.7743   207.374
      18   39.8688   353.868
      19   16.7057   131.04
      20   16.9054   123.841
      21    5.38504   49.8638

SUBJECT 2
  sensor        std     range
--------  ---------  --------
       0   10.112     82.5185
       1    4.58432   25.2875
       2    9.30625   76.4718
       3   21.3943   150.051
       4   15.1713   121.413
       5  nan        nan
       6   26.5912   134.469
       7   16.5881   120.034
       8   12.2279   113.332
       9    8.4753    67.9028
      10    7.97065   61.0168
      11   23.5688   233.619
      12    1.81722   14.5407
      13   26.2662   167.275
      14   18.7582   143.197
      15   14.0345   106.036
      16   20.6127   177.384
      17   27.9638   205.66
      18   35.1858   314
      19   14.6743   105.84
      20   16.3233   128.49
      21   11.6289   100.093

SUBJECT 27
  sensor        std     range
--------  ---------  --------
       0    8.43813   77.4559
       1    5.00361   44.8006
       2    4.89035   46.6703
       3   13.0918   111.942
       4   10.6916   102.242
       5  nan        nan
       6   18.6057   127.2
       7   12.7935    98.1229
       8   11.9377    99.6515
       9   13.6411   104.764
      10    3.22929   34.1706
      11   21.7642   172.057
      12    1.39511   11.1193
      13   26.1315   162.099
      14    8.03093   79.2523
      15   10.7988   105.931
      16   13.9467   137.859
      17   20.353    181.996
      18   31.0306   305.988
      19   12.1646   123.48
      20   11.5007    92.1795
      21    5.09388   46.5099

SUBJECT 19
  sensor        std     range
--------  ---------  --------
       0    8.64483   79.5973
       1    3.93058   30.0703
       2    8.51173   73.0273
       3   14.5896   122.556
       4   14.8418   109.545
       5  nan        nan
       6   19.1349   148.098
       7   16.0632   113.359
       8   10.9649   156.564
       9   16.6257   107.674
      10    5.37955   68.85
      11   26.4034   247.825
      12    2.65559   24.2345
      13   34.0823   177.029
      14    8.84474   80.4982
      15   15.0569   119.323
      16   14.6974   229.961
      17   31.8135   218.4
      18   39.0482   316.292
      19   18.8928   131.04
      20   21.5805   192.073
      21   11.7374   102.613

SUBJECT 9
  sensor        std     range
--------  ---------  --------
       0    6.98577   61.4596
       1    3.69042   23.889
       2    6.28278   57.9161
       3   16.5567   161.959
       4   14.6417   115.935
       5  nan        nan
       6   17.6539   143.555
       7   10.7182    80.0226
       8   15.026    101.795
       9    7.10995   66.9328
      10    5.39338   48.5754
      11   28.4041   216.255
      12    1.63115   15.1109
      13   14.8892   132.238
      14    8.36213   68.0407
      15   13.6636   122.966
      16   19.1137   201.695
      17   22.314    169.26
      18   40.2416   260
      19   13.8911   115.92
      20   15.6585   140.871
      21    9.5394    72.5482

SUBJECT 12
  sensor        std     range
--------  ---------  --------
       0    9.11865   77.5705
       1    3.2825    26.6035
       2    5.3932    62.9229
       3   15.6966   133.378
       4   13.1853    93.1135
       5  nan        nan
       6   23.1297   144.36
       7   15.0162    99.9758
       8   12.7158   105.009
       9    8.89789   73.723
      10    6.24403   41.7095
      11   22.852    172.057
      12    1.83509   15.9662
      13   21.963    174.713
      14   12.2426   105.126
      15   14.9349   143.461
      16   18.026    168.463
      17   23.1456   171.08
      18   37.3044   245.692
      19   15.7926   131.04
      20   16.4335   139.633
      21    7.29035   62.5701

SUBJECT 16
  sensor        std     range
--------  ---------  --------
       0    9.56906   79.3679
       1    5.28984   28.8918
       2    4.98272   47.7948
       3   18.182    161.959
       4   13.6963   102.242
       5  nan        nan
       6   21.1656   128.109
       7   17.1236   111.386
       8    9.8203   172.33
       9    9.90312   79.5433
      10    6.03425   47.0868
      11   15.8868   205.206
      12    2.03798   17.962
      13   25.1611   138.637
      14   10.2609    65.6318
      15    8.03594  134.55
      16   17.4432   261.36
      17   17.783    207.48
      18   38.4674   306
      19   16.8028   115.92
      20   17.867    155.451
      21    9.406    111.384

SUBJECT 23
  sensor        std     range
--------  ---------  --------
       0    9.13758   81.2972
       1    5.9378    31.9831
       2    5.47776   53.9801
       3   12.8861   122.634
       4   13.7869    97.6779
       5  nan        nan
       6   23.1921   128.109
       7   20.4187   105.744
       8   12.8561   125.326
       9   18.1948    97.974
      10    3.4438    43.8362
      11   24.4008   197.313
      12    1.81249   17.0713
      13   33.0698   166.352
      14    9.1159    85.4206
      15   12.2025    94.3913
      16   22.6134   217.035
      17   20.3979   187.46
      18   33.0875   307.322
      19   15.6887   143.64
      20   15.3982   138.994
      21   10.8533    77.4064

SUBJECT 6
  sensor        std     range
--------  ---------  --------
       0    9.68857   79.1042
       1    3.73836   27.0101
       2    7.33865   71.91
       3    9.83987   84.5523
       4   13.3277    97.6779
       5  nan        nan
       6   17.9069   119.932
       7   16.6916   112.413
       8    9.26327  103.938
       9    9.51984   65.9627
      10    5.976     52.6058
      11   19.8892   170.24
      12    2.00544   14.8258
      13   22.5418   158.899
      14    9.68688  118.315
      15    8.63007  120.189
      16   12.603    141.337
      17   21.7436   207.48
      18   37.6012   282
      19   17.2846   124.74
      20   18.4936   133.261
      21    5.72635   56.1816

SUBJECT 26
  sensor        std     range
--------  ---------  --------
       0   10.3552    84.3717
       1    3.2431    29.4907
       2    7.3196    46.0041
       3   14.1412   122.66
       4   15.9453   122.326
       5  nan        nan
       6    3.49938   53.4559
       7   14.7386    97.1703
       8   14.3019   191.222
       9   10.8945    67.896
      10    3.44759   39.3478
      11   19.7784   206.51
      12    3.31813   22.8089
      13   20.7703   148.235
      14    7.96429   66.5574
      15    8.08157   81.0865
      16    9.00474  146.728
      17   21.3416   176.458
      18   38.3644   284
      19   16.2896   122.069
      20   25.03     163.459
      21   12.8324    86.9156

SUBJECT 18
  sensor        std     range
--------  ---------  --------
       0    9.06873   72.8202
       1    6.59658   33.8127
       2    8.61609   74.2226
       3   20.9091   166.723
       4   13.07      95.8522
       5  nan        nan
       6   20.8564   138.103
       7   14.2036   100.981
       8   11.5009    82.5071
       9   14.3708   100.884
      10    3.79211   45.717
      11   21.8623   164.165
      12    2.06366   20.8131
      13   25.0219   175.962
      14   13.613    106.504
      15   14.5772   128.257
      16   12.6003   164.16
      17   26.4239   183.82
      18   35.5124   290
      19   15.9054   153.72
      20   18.3438   172.541
      21   10.226     72.5717

SUBJECT 3
  sensor        std     range
--------  ---------  --------
       0   11.7006    88.6869
       1    4.12121   28.7313
       2    5.71687   61.8522
       3   19.7965   176.25
       4   14.8241   102.242
       5  nan        nan
       6   18.4685   129.926
       7   13.5423    92.407
       8   12.7224    94.2939
       9    8.4659    65.9627
      10    4.53765   32.3086
      11   21.4841   175.022
      12    1.91375   15.1109
      13   17.9245   141.836
      14   12.3981    90.2348
      15   12.8696   123.528
      16   19.811    154.275
      17   27.361    202.02
      18   51.2604   378
      19   20.1643   158.76
      20   17.4045   138.118
      21    8.02707   77.8875

SUBJECT 13
  sensor        std     range
--------  ---------  --------
       0    8.65451   64.6757
       1    3.50425   28.9293
       2    4.6543    43.2965
       3   13.9013   146.478
       4   12.4797    87.6363
       5  nan        nan
       6   16.4551   107.212
       7   15.832     92.3982
       8   14.9529    97.5084
       9    9.52856   63.0526
      10    3.98767   39.432
      11   30.2806   211.671
      12    1.86211   13.9704
      13   28.1917   136.504
      14   12.4288    91.4955
      15   16.1669   124.695
      16   21.4317   164.987
      17   21.2191   165.62
      18   29.3635   259.507
      19   13.0506   115.92
      20   16.9028   127.694
      21    9.1496    65.2003

SUBJECT 8
  sensor        std     range
--------  ---------  --------
       0    9.28836   69.7645
       1    3.93225   26.4772
       2    7.93854   57.8933
       3   14.57     157.969
       4   16.5356   129.629
       5  nan        nan
       6   16.6125   126.292
       7   15.8101   100.028
       8   12.7268   144.655
       9    9.81238   70.7746
      10    6.61185   61.2262
      11   19.2659   192.578
      12    2.0644    16.8216
      13   27.8071   164.232
      14   14.9447   107.026
      15    5.11086   65.9385
      16   14.6242   147.96
      17   20.887    174.72
      18   36.6376   282
      19   17.0486   124.74
      20   18.2522   147.624
      21    6.19504   90.901

SUBJECT 17
  sensor        std     range
--------  ---------  --------
       0   10.9696    88.6299
       1    4.03355   32.5228
       2    6.89781   67.4751
       3   21.0941   168.978
       4   15.1141    93.1135
       5  nan        nan
       6   24.0222   152.64
       7   18.5158   115.245
       8   13.7475    92.1508
       9   10.224     65.9627
      10    5.40627   32.9495
      11   31.4692   257.296
      12    1.86846   12.83
      13   26.2324   171.697
      14   12.1995    97.2912
      15   14.5274   103.363
      16   23.6818   209.478
      17   23.8891   203.84
      18   42.5249   325.792
      19   15.6429   123.48
      20   16.5642   110.257
      21    9.52362   73.2623

SUBJECT 7
  sensor        std     range
--------  ---------  --------
       0    8.68182   74.9318
       1    5.48836   32.1681
       2    4.93851   68.5997
       3   17.2957   133.355
       4   14.9011   122.326
       5  nan        nan
       6   21.6639   133.56
       7   18.307    105.624
       8   13.538    125.368
       9   10.4387    75.6631
      10    6.80845   47.4966
      11   28.7272   175.214
      12    2.21917   16.8216
      13   29.555    162.099
      14   14.5724   113.158
      15   14.7552   139.896
      16   23.9389   159.31
      17   18.2814   203.84
      18   41.3969   405.891
      19   11.3509   113.186
      20   20.565    154.775
      21   10.4981    86.2444

SUBJECT 22
  sensor        std     range
--------  ---------  --------
       0   10.2665    77.5512
       1    4.56596   29.879
       2    7.86397   53.3611
       3   11.497    116.706
       4   15.6078   110.458
       5  nan        nan
       6   20.6953   169.903
       7   18.4096   140.037
       8   10.3682   120.01
       9   15.4216    98.9441
      10    3.81885   32.6465
      11   18.0698   168.9
      12    2.16446   22.8089
      13   26.2893   198.268
      14    8.01222   63.1411
      15    4.30512   52.5726
      16   13.2892   205.2
      17   20.4117   194.74
      18   33.8833   274
      19   15.8088    99.54
      20   17.7025   181.467
      21    6.11076   48.1047

