Prediction    Ground Truth      Error  Mu                                                             Sigma                                                     Pi
----------  --------------  ---------  -------------------------------------------------------------  --------------------------------------------------------  -----------------------------------------------------------------------
  1.74686        -0.181946  1.9288     [-4.2433925   3.338444   -2.7764173   0.31133562 -1.762309  ]  [0.1436544  0.07378417 0.01215696 0.0095399  0.02856344]  [1.0083881e-11 6.7236442e-12 1.5894422e-08 9.9999678e-01 3.1681811e-06]
  2.8557          0.709106  2.14659    [-4.4798846   3.1569498  -3.2393174   0.31682587 -2.1750374 ]  [0.17079765 0.09005535 0.01593751 0.01023465 0.03128713]  [2.40887033e-11 2.49787708e-11 1.04275095e-07 9.99944329e-01 5.55551051e-05]
 10.5492         10.5108    0.0384712  [-4.516274   3.0760314 -3.1377134  0.3541118 -2.243524 ]       [0.15952569 0.1029343  0.01527941 0.01224548 0.02814853]  [3.2035291e-11 3.2915684e-11 1.6778630e-07 9.9990439e-01 9.5464595e-05]
  4.52594         5.1644    0.638463   [-4.473291    3.1286356  -3.1004496   0.32489908 -2.2067077 ]  [0.15046942 0.09510517 0.01539785 0.01152509 0.02709514]  [2.3902149e-11 2.4923327e-11 1.1500490e-07 9.9994421e-01 5.5631652e-05]
  3.49459         3.38229   0.1123     [-4.5954967   3.306791   -3.053166    0.31978863 -2.0523458 ]  [0.16585433 0.07165074 0.01432472 0.00744128 0.0239622 ]  [9.0413831e-12 8.4833598e-12 2.1478073e-08 9.9999392e-01 6.0259854e-06]
 -9.17284       -10.2185    1.04567    [-3.7170434   3.479916   -2.536142    0.25857067 -1.6367408 ]  [0.08897424 0.08399701 0.01377493 0.01306367 0.03206301]  [1.0387830e-11 9.1574075e-12 1.7823901e-08 9.9999630e-01 3.7029424e-06]
 -4.17394        -6.41937   2.24544    [-4.23206     3.5448716  -2.9450712   0.28274035 -1.7933439 ]  [0.12554038 0.09688658 0.01591134 0.00722378 0.02963722]  [1.0296196e-11 1.2716095e-11 1.9861577e-08 9.9998975e-01 1.0289495e-05]
  6.76107         6.94653   0.185463   [-4.5757027  3.300593  -3.065054   0.3355751 -2.0568168]       [0.1710658  0.0751121  0.01430511 0.00788713 0.02451944]  [1.0138458e-11 9.4246659e-12 2.3564072e-08 9.9999297e-01 6.9915054e-06]
 -1.61893        -2.85513   1.2362     [-4.3564286  3.56732   -3.130065   0.2950843 -1.7845339]       [0.1596803  0.10392809 0.01425815 0.00706673 0.02433151]  [1.0470404e-11 1.0662099e-11 1.6297090e-08 9.9999082e-01 9.2304754e-06]
  1.02892         0.709106  0.319809   [-4.524649    3.378482   -3.0619648   0.30787486 -1.9882653 ]  [0.16338414 0.07739615 0.01458454 0.00722891 0.02417874]  [8.9783094e-12 8.7488246e-12 1.9606121e-08 9.9999344e-01 6.5266545e-06]
  0.782195       -0.181946  0.964141   [-4.4493766   3.4589334  -3.1303444   0.30668217 -1.9388002 ]  [0.17460406 0.08301067 0.01470244 0.00725412 0.02391213]  [8.9991235e-12 8.6729799e-12 1.6962316e-08 9.9999356e-01 6.4676187e-06]
  0.393576       -3.74619   4.13976    [-4.1224055   3.3024638  -2.6279926   0.30479497 -1.6847992 ]  [0.12433773 0.07140857 0.01141936 0.0108394  0.03046054]  [1.0612927e-11 6.4239915e-12 1.6178825e-08 9.9999738e-01 2.5925908e-06]
  1.19019         0.709106  0.481079   [-4.5580916   3.3827317  -3.0848842   0.30865407 -2.0063834 ]  [0.16827238 0.07874012 0.01429957 0.00729614 0.02248448]  [9.1999238e-12 8.4879699e-12 1.9715060e-08 9.9999356e-01 6.4493011e-06]
 -1.54706        -2.85513   1.30807    [-4.3037667   3.583996   -3.0924728   0.29543227 -1.7615681 ]  [0.15349251 0.10416311 0.01462436 0.00696486 0.02653313]  [1.06407634e-11 1.12998872e-11 1.65009215e-08 9.99990344e-01 9.65359959e-06]
  4.38868         0.709106  3.67958    [-4.5910187   3.2979155  -3.0577025   0.32410908 -2.0526407 ]  [0.16760826 0.07145166 0.01429892 0.00755054 0.02449727]  [9.1578403e-12 8.5982705e-12 2.1688312e-08 9.9999392e-01 6.0553884e-06]
 18.3573         21.2035    2.84623    [-4.432853    3.0718675  -3.2248302   0.39181852 -2.198937  ]  [0.16473132 0.10637951 0.01531339 0.01309788 0.03004068]  [3.5114259e-11 3.2821863e-11 1.5228355e-07 9.9991286e-01 8.6992892e-05]
  1.22475        -0.181946  1.4067     [-4.5105214   3.3730114  -3.0968938   0.30882287 -1.9987134 ]  [0.16946304 0.07887733 0.01470214 0.00749958 0.0242213 ]  [9.4449977e-12 9.0380255e-12 2.1058771e-08 9.9999273e-01 7.2331045e-06]
 -2.12231        -3.74619   1.62388    [-4.2110305   3.5992212  -2.9852264   0.29265368 -1.7363353 ]  [0.1384306  0.10159236 0.0155437  0.00676209 0.0319404 ]  [1.1173942e-11 1.2707559e-11 1.7767267e-08 9.9998963e-01 1.0316444e-05]
  0.540988       -1.07303   1.61402    [-4.52177     3.3770225  -3.0943227   0.30551714 -1.9895571 ]  [0.16857415 0.07703173 0.01461619 0.00727475 0.0242247 ]  [8.8922446e-12 8.5939372e-12 1.9456440e-08 9.9999344e-01 6.5415102e-06]
 -1.88599        -3.74619   1.86019    [-4.6287055   3.3964202  -3.2101526   0.29379326 -1.9314269 ]  [0.16853815 0.09115404 0.01265723 0.00740606 0.01875323]  [1.0256427e-11 8.7810237e-12 2.0014834e-08 9.9999166e-01 8.3651794e-06]
fraction of predictions with error > 1: 0.631673553236688
fraction of predictions with error > 3: 0.12033989308308238
fraction of predictions with error > 5: 0.02136003921843266
Time elapsed: 119.29389595985413 seconds